enter the type
real
h:1.3792906
G:0.45254830131599705
cp:0.34657359027997264	cn:-6.449611153495508
Z:0.9050966026319941
0.031250004 0.06250001 0.031250004 0.031250004 0.031250004 0.06250001 0.06250001 0.031250004 0.031250004 0.031250004 0.031250004 0.031250004 0.06250001 0.031250004 0.031250004 0.06250001 0.031250004 0.06250001 0.06250001 0.031250004 0.06250001 0.031250004 0.031250004 0.031250004 6.987704E-5 
F: 0.3465736 0.3465736 0.3465736 0.3465736 0.3465736 0.3465736 0.3465736 0.3465736 0.3465736 0.3465736 0.3465736 0.3465736 0.3465736 0.3465736 0.3465736 0.3465736 0.3465736 0.3465736 0.3465736 0.3465736 0.3465736 0.3465736 0.3465736 0.3465736 -6.449611 
error: 0.4
E: 0.9050966
*******************************************************************************
h:0.3782415
G:0.4911252041134777
cp:0.20273239510833752	cn:-0.17844920910278003
Z:0.9822504082269554
0.0259766 0.07792977 0.0259766 0.0259766 0.0259766 0.07792977 0.07792977 0.0259766 0.0259766 0.0259766 0.0259766 0.0259766 0.05323023 0.03803009 0.03803009 0.05323023 0.03803009 0.05323023 0.05323023 0.03803009 0.05323023 0.03803009 0.03803009 0.03803009 5.9513128E-5 
F: 0.549306 0.549306 0.549306 0.549306 0.549306 0.549306 0.549306 0.549306 0.549306 0.549306 0.549306 0.549306 0.16812438 0.16812438 0.16812438 0.16812438 0.16812438 0.16812438 0.16812438 0.16812438 0.16812438 0.16812438 0.16812438 0.16812438 -6.6280603 
error: 0.4
E: 0.88903147
*******************************************************************************
h:0.26046
G:0.48058154112403195
cp:0.19868126882146725	cn:-0.4054647020516867
Z:0.9611630822480639
0.040539306 0.05405243 0.040539306 0.040539306 0.040539306 0.05405243 0.05405243 0.022156393 0.022156393 0.022156393 0.022156393 0.022156393 0.06755344 0.032437257 0.032437257 0.06755344 0.032437257 0.06755344 0.06755344 0.032437257 0.06755344 0.032437257 0.032437257 0.032437257 7.5526936E-5 
F: 0.14384127 0.14384127 0.14384127 0.14384127 0.14384127 0.14384127 0.14384127 0.7479873 0.7479873 0.7479873 0.7479873 0.7479873 0.36680564 0.36680564 0.36680564 0.36680564 0.36680564 0.36680564 0.36680564 0.36680564 0.36680564 0.36680564 0.36680564 0.36680564 -6.429379 
error: 0.4
E: 0.8545042
*******************************************************************************
h:0.3782415
G:0.4873456409761385
cp:0.26034090040723157	cn:-0.19868115918380433
Z:0.974691281952277
0.032058604 0.071947016 0.032058604 0.032058604 0.032058604 0.071947016 0.071947016 0.017521342 0.017521342 0.017521342 0.017521342 0.017521342 0.056819085 0.040594123 0.040594123 0.056819085 0.040594123 0.056819085 0.056819085 0.040594123 0.056819085 0.040594123 0.040594123 0.040594123 6.352558E-5 
F: 0.40418217 0.40418217 0.40418217 0.40418217 0.40418217 0.40418217 0.40418217 1.0083282 1.0083282 1.0083282 1.0083282 1.0083282 0.16812448 0.16812448 0.16812448 0.16812448 0.16812448 0.16812448 0.16812448 0.16812448 0.16812448 0.16812448 0.16812448 0.16812448 -6.6280603 
error: 0.4
E: 0.8328778
*******************************************************************************
h:1.050609
G:0.43762020397300194
cp:3.778488041362297	cn:-0.13950560835770892
Z:0.8752404079460039
0.042111795 0.071498826 0.042111795 0.042111795 0.042111795 0.071498826 0.071498826 0.023015823 0.023015823 0.023015823 0.023015823 0.023015823 0.056465134 0.05332395 0.05332395 0.056465134 0.05332395 0.056465134 0.056465134 0.05332395 0.056465134 0.0010601304 0.0010601304 0.0010601304 0.003175395 
F: 0.26467657 0.26467657 0.26467657 0.26467657 0.26467657 0.26467657 0.26467657 0.8688226 0.8688226 0.8688226 0.8688226 0.8688226 0.028618872 0.028618872 0.028618872 0.028618872 0.028618872 0.028618872 0.028618872 0.028618872 0.028618872 3.9466126 3.9466126 3.9466126 -2.8495722 
error: 0.4
E: 0.7289683
*******************************************************************************
h:0.698907
G:0.4837516495509044
cp:0.18230804125808375	cn:-0.3674801836837302
Z:0.9675032991018088
0.03627237 0.08867922 0.03627237 0.03627237 0.03627237 0.08867922 0.08867922 0.019824337 0.019824337 0.019824337 0.019824337 0.019824337 0.07003309 0.045929793 0.045929793 0.040414136 0.079591095 0.040414136 0.040414136 0.079591095 0.040414136 0.001582346 0.001582346 0.001582346 0.002272745 
F: 0.44698462 0.44698462 0.44698462 0.44698462 0.44698462 0.44698462 0.44698462 1.0511307 1.0511307 1.0511307 1.0511307 1.0511307 0.21092692 0.21092692 0.21092692 -0.33886132 -0.33886132 -0.33886132 -0.33886132 -0.33886132 -0.33886132 3.5791323 3.5791323 3.5791323 -3.2170525 
error: 0.32
E: 0.70527923
*******************************************************************************
h:0.26046
G:0.48462613695773
cp:0.20835256329770782	cn:-0.30314340173477505
Z:0.96925227391546
0.050674867 0.067566514 0.050674867 0.050674867 0.050674867 0.067566514 0.067566514 0.0166064 0.0166064 0.0166064 0.0166064 0.0166064 0.08899238 0.03847435 0.03847435 0.05135501 0.06667166 0.05135501 0.05135501 0.06667166 0.05135501 0.0013254955 0.0013254955 0.0013254955 0.0028880201 
F: 0.1438412 0.1438412 0.1438412 0.1438412 0.1438412 0.1438412 0.1438412 1.2594832 1.2594832 1.2594832 1.2594832 1.2594832 0.4192795 0.4192795 0.4192795 -0.13050875 -0.13050875 -0.13050875 -0.13050875 -0.13050875 -0.13050875 3.787485 3.787485 3.787485 -3.0087 
error: 0.32
E: 0.6835935
*******************************************************************************
h:0.086185
G:0.4755849882850922
cp:0.549305508550773	cn:-0.18734247655316105
Z:0.9511699765701844
0.030759135 0.12303643 0.030759135 0.030759135 0.030759135 0.058899496 0.058899496 0.021056158 0.021056158 0.021056158 0.021056158 0.021056158 0.07757698 0.048783727 0.048783727 0.044767506 0.084536634 0.044767506 0.044767506 0.084536634 0.044767506 0.0016806681 0.0016806681 0.0016806681 0.0025175626 
F: 0.6931467 0.6931467 0.6931467 0.6931467 0.6931467 -0.043501273 -0.043501273 1.0721407 1.0721407 1.0721407 1.0721407 1.0721407 0.231937 0.231937 0.231937 -0.31785125 -0.31785125 -0.31785125 -0.31785125 -0.31785125 -0.31785125 3.6001425 3.6001425 3.6001425 -3.1960423 
error: 0.24
E: 0.6502136
*******************************************************************************
h:0.26046
G:0.4847011275806945
cp:0.18734264178586793	cn:-0.33581599831852804
Z:0.969402255161389
0.04439286 0.09071658 0.04439286 0.04439286 0.04439286 0.043427467 0.043427467 0.018009981 0.018009981 0.018009981 0.018009981 0.018009981 0.09651409 0.041726224 0.041726224 0.055695582 0.07230678 0.055695582 0.055695582 0.07230678 0.055695582 0.0014375271 0.0014375271 0.0014375271 0.0031321181 
F: 0.3573307 0.3573307 0.3573307 0.3573307 0.3573307 -0.37931728 -0.37931728 1.2594833 1.2594833 1.2594833 1.2594833 1.2594833 0.41927963 0.41927963 0.41927963 -0.1305086 -0.1305086 -0.1305086 -0.1305086 -0.1305086 -0.1305086 3.7874851 3.7874851 3.7874851 -3.0086997 
error: 0.24
E: 0.6303185
*******************************************************************************
h:0.834077
G:0.4878633833958923
cp:0.12492103854875625	cn:-0.3991172529230046
Z:0.9757267667917846
0.04015433 0.10534428 0.04015433 0.04015433 0.04015433 0.05042998 0.05042998 0.016290428 0.016290428 0.016290428 0.016290428 0.016290428 0.11207662 0.037742298 0.037742298 0.064676285 0.0654031 0.038296413 0.038296413 0.11045496 0.038296413 0.002195949 0.002195949 0.002195949 0.0021536518 
F: 0.48225176 0.48225176 0.48225176 0.48225176 0.48225176 -0.25439626 -0.25439626 1.3844044 1.3844044 1.3844044 1.3844044 1.3844044 0.54420066 0.54420066 0.54420066 -0.005587563 -0.005587563 -0.5296259 -0.5296259 -0.5296259 -0.5296259 3.388368 3.388368 3.388368 -3.407817 
error: 0.24
E: 0.61501867
*******************************************************************************
