enter the type
real
h:0.751757
G:0.4582575528577187
cp:0.42364886207400315	cn:-0.4236486818409769
Z:0.9165151057154374
0.014285715 0.03333333 0.014285715 0.014285715 0.014285715 0.014285715 0.014285715 0.014285715 0.014285715 0.014285715 0.014285715 0.014285715 0.014285715 0.03333333 0.014285715 0.03333333 0.03333333 0.014285715 0.014285715 0.03333333 0.03333333 0.014285715 0.014285715 0.03333333 0.014285715 0.03333333 0.03333333 0.014285715 0.014285715 0.014285715 0.014285718 0.014285718 0.014285718 0.014285718 0.014285718 0.014285718 0.014285718 0.014285718 0.014285718 0.033333324 0.014285718 0.014285718 0.033333324 0.033333324 0.014285718 0.033333324 0.014285718 0.033333324 0.033333324 0.014285718 
F: 0.42364886 0.42364886 0.42364886 0.42364886 0.42364886 0.42364886 0.42364886 0.42364886 0.42364886 0.42364886 0.42364886 0.42364886 0.42364886 0.42364886 0.42364886 0.42364886 0.42364886 0.42364886 0.42364886 0.42364886 0.42364886 0.42364886 0.42364886 0.42364886 0.42364886 0.42364886 0.42364886 0.42364886 0.42364886 0.42364886 -0.4236487 -0.4236487 -0.4236487 -0.4236487 -0.4236487 -0.4236487 -0.4236487 -0.4236487 -0.4236487 -0.4236487 -0.4236487 -0.4236487 -0.4236487 -0.4236487 -0.4236487 -0.4236487 -0.4236487 -0.4236487 -0.4236487 -0.4236487 
error: 0.34
E: 0.9165151
*******************************************************************************
h:0.255128
G:0.46717088287071445
cp:0.8188032290970975	cn:-0.1754304291596857
Z:0.9343417657414289
0.0067420895 0.08090487 0.0067420895 0.0067420895 0.0067420895 0.0067420895 0.0067420895 0.0067420895 0.0067420895 0.0067420895 0.0067420895 0.0067420895 0.0067420895 0.02993536 0.018221524 0.02993536 0.02993536 0.018221524 0.018221524 0.02993536 0.02993536 0.018221524 0.018221524 0.02993536 0.018221524 0.02993536 0.02993536 0.018221524 0.018221524 0.018221524 0.012829444 0.012829444 0.012829444 0.012829444 0.012829444 0.012829444 0.012829444 0.012829444 0.012829444 0.042516872 0.012829444 0.012829444 0.042516872 0.042516872 0.012829444 0.042516872 0.012829444 0.042516872 0.042516872 0.012829444 
F: 1.2424521 1.2424521 1.2424521 1.2424521 1.2424521 1.2424521 1.2424521 1.2424521 1.2424521 1.2424521 1.2424521 1.2424521 1.2424521 0.24821843 0.24821843 0.24821843 0.24821843 0.24821843 0.24821843 0.24821843 0.24821843 0.24821843 0.24821843 0.24821843 0.24821843 0.24821843 0.24821843 0.24821843 0.24821843 0.24821843 -0.59907913 -0.59907913 -0.59907913 -0.59907913 -0.59907913 -0.59907913 -0.59907913 -0.59907913 -0.59907913 -0.59907913 -0.59907913 -0.59907913 -0.59907913 -0.59907913 -0.59907913 -0.59907913 -0.59907913 -0.59907913 -0.59907913 -0.59907913 
error: 0.34
E: 0.8563383
*******************************************************************************
h:0.966624
G:0.4546326237155892
cp:0.6902392730576988	cn:-0.2882296753050273
Z:0.9092652474311784
0.009891917 0.06669719 0.009891917 0.009891917 0.009891917 0.009891917 0.009891917 0.009891917 0.009891917 0.009891917 0.009891917 0.009891917 0.009891917 0.024678418 0.026734414 0.024678418 0.024678418 0.026734414 0.026734414 0.024678418 0.024678418 0.026734414 0.026734414 0.024678418 0.026734414 0.024678418 0.024678418 0.026734414 0.026734414 0.026734414 0.010576469 0.010576469 0.010576469 0.010576469 0.010576469 0.010576469 0.010576469 0.010576469 0.010576469 0.02344788 0.028137425 0.028137425 0.02344788 0.02344788 0.028137425 0.02344788 0.028137425 0.02344788 0.02344788 0.028137425 
F: 0.95422244 0.95422244 0.95422244 0.95422244 0.95422244 0.95422244 0.95422244 0.95422244 0.95422244 0.95422244 0.95422244 0.95422244 0.95422244 -0.040011242 -0.040011242 -0.040011242 -0.040011242 -0.040011242 -0.040011242 -0.040011242 -0.040011242 -0.040011242 -0.040011242 -0.040011242 -0.040011242 -0.040011242 -0.040011242 -0.040011242 -0.040011242 -0.040011242 -0.88730884 -0.88730884 -0.88730884 -0.88730884 -0.88730884 -0.88730884 -0.88730884 -0.88730884 -0.88730884 0.09116012 0.09116012 0.09116012 0.09116012 0.09116012 0.09116012 0.09116012 0.09116012 0.09116012 0.09116012 0.09116012 
error: 0.34
E: 0.77863866
*******************************************************************************
h:0.751757
G:0.490230401689687
cp:0.1538861744781787	cn:-0.25838185448892065
Z:0.980460803379374
0.008650044 0.07934311 0.008650044 0.008650044 0.008650044 0.008650044 0.008650044 0.008650044 0.008650044 0.008650044 0.008650044 0.008650044 0.008650044 0.029357495 0.023378063 0.029357495 0.029357495 0.023378063 0.023378063 0.029357495 0.029357495 0.023378063 0.023378063 0.029357495 0.023378063 0.029357495 0.029357495 0.023378063 0.023378063 0.023378063 0.008330991 0.008330991 0.008330991 0.008330991 0.008330991 0.008330991 0.008330991 0.008330991 0.008330991 0.030966148 0.0221636 0.0221636 0.030966148 0.030966148 0.0221636 0.030966148 0.0221636 0.030966148 0.030966148 0.0221636 
F: 1.1081086 1.1081086 1.1081086 1.1081086 1.1081086 1.1081086 1.1081086 1.1081086 1.1081086 1.1081086 1.1081086 1.1081086 1.1081086 0.11387493 0.11387493 0.11387493 0.11387493 0.11387493 0.11387493 0.11387493 0.11387493 0.11387493 0.11387493 0.11387493 0.11387493 0.11387493 0.11387493 0.11387493 0.11387493 0.11387493 -1.1456907 -1.1456907 -1.1456907 -1.1456907 -1.1456907 -1.1456907 -1.1456907 -1.1456907 -1.1456907 -0.16722172 -0.16722172 -0.16722172 -0.16722172 -0.16722172 -0.16722172 -0.16722172 -0.16722172 -0.16722172 -0.16722172 -0.16722172 
error: 0.34
E: 0.7634247
*******************************************************************************
h:1.0827506
G:0.4882890125409468
cp:0.4226340599807185	cn:-0.11393912325009006
Z:0.9765780250818936
0.009926463 0.072496854 0.009926463 0.009926463 0.009926463 0.009926463 0.009926463 0.009926463 0.009926463 0.009926463 0.009926463 0.009926463 0.009926463 0.02682433 0.026827779 0.02682433 0.02682433 0.026827779 0.026827779 0.02682433 0.02682433 0.026827779 0.026827779 0.02682433 0.026827779 0.02682433 0.02682433 0.026827779 0.026827779 0.026827779 0.007612136 0.007612136 0.007612136 0.007612136 0.007612136 0.007612136 0.007612136 0.007612136 0.007612136 0.035535578 0.020251175 0.020251175 0.02077938 0.02077938 0.034632273 0.02077938 0.034632273 0.02077938 0.02077938 0.034632273 
F: 0.99416953 0.99416953 0.99416953 0.99416953 0.99416953 0.99416953 0.99416953 0.99416953 0.99416953 0.99416953 0.99416953 0.99416953 0.99416953 -6.41942E-5 -6.41942E-5 -6.41942E-5 -6.41942E-5 -6.41942E-5 -6.41942E-5 -6.41942E-5 -6.41942E-5 -6.41942E-5 -6.41942E-5 -6.41942E-5 -6.41942E-5 -6.41942E-5 -6.41942E-5 -6.41942E-5 -6.41942E-5 -6.41942E-5 -1.2596298 -1.2596298 -1.2596298 -1.2596298 -1.2596298 -1.2596298 -1.2596298 -1.2596298 -1.2596298 -0.28116083 -0.28116083 -0.28116083 0.25541234 0.25541234 0.25541234 0.25541234 0.25541234 0.25541234 0.25541234 0.25541234 
error: 0.32
E: 0.7455438
*******************************************************************************
h:0.751757
G:0.494036075646597
cp:0.11393923741048083	cn:-0.21164063003043934
Z:0.988072151293194
0.00896443 0.08222686 0.00896443 0.00896443 0.00896443 0.00896443 0.00896443 0.00896443 0.00896443 0.00896443 0.00896443 0.00896443 0.00896443 0.030424498 0.024227738 0.030424498 0.030424498 0.024227738 0.024227738 0.030424498 0.030424498 0.024227738 0.024227738 0.030424498 0.024227738 0.030424498 0.030424498 0.024227738 0.024227738 0.024227738 0.006234527 0.006234527 0.006234527 0.006234527 0.006234527 0.006234527 0.006234527 0.006234527 0.006234527 0.044441536 0.016586212 0.016586212 0.025987128 0.025987128 0.028364686 0.025987128 0.028364686 0.025987128 0.025987128 0.028364686 
F: 1.1081088 1.1081088 1.1081088 1.1081088 1.1081088 1.1081088 1.1081088 1.1081088 1.1081088 1.1081088 1.1081088 1.1081088 1.1081088 0.11387505 0.11387505 0.11387505 0.11387505 0.11387505 0.11387505 0.11387505 0.11387505 0.11387505 0.11387505 0.11387505 0.11387505 0.11387505 0.11387505 0.11387505 0.11387505 0.11387505 -1.4712704 -1.4712704 -1.4712704 -1.4712704 -1.4712704 -1.4712704 -1.4712704 -1.4712704 -1.4712704 -0.49280146 -0.49280146 -0.49280146 0.043771714 0.043771714 0.043771714 0.043771714 0.043771714 0.043771714 0.043771714 0.043771714 
error: 0.3
E: 0.73665106
*******************************************************************************
h:-0.142223
G:0.48007537067200096
cp:0.08078879873183052	cn:-1.1081037869142278
Z:0.9601507413440019
0.02827656 0.028276842 0.008611863 0.008611863 0.008611863 0.008611863 0.008611863 0.008611863 0.008611863 0.008611863 0.008611863 0.008611863 0.008611863 0.03435343 0.023274872 0.03435343 0.03435343 0.023274872 0.023274872 0.03435343 0.03435343 0.023274872 0.023274872 0.03435343 0.023274872 0.03435343 0.03435343 0.023274872 0.023274872 0.023274872 0.0070396364 0.0070396364 0.0070396364 0.0070396364 0.0070396364 0.0070396364 0.0070396364 0.0070396364 0.0070396364 0.04269367 0.01872811 0.01872811 0.024965066 0.024965066 0.03202762 0.024965066 0.03202762 0.024965066 0.024965066 0.03202762 
F: 5.00679E-6 5.00679E-6 1.1888976 1.1888976 1.1888976 1.1888976 1.1888976 1.1888976 1.1888976 1.1888976 1.1888976 1.1888976 1.1888976 0.19466385 0.19466385 0.19466385 0.19466385 0.19466385 0.19466385 0.19466385 0.19466385 0.19466385 0.19466385 0.19466385 0.19466385 0.19466385 0.19466385 0.19466385 0.19466385 0.19466385 -1.3904816 -1.3904816 -1.3904816 -1.3904816 -1.3904816 -1.3904816 -1.3904816 -1.3904816 -1.3904816 -0.41201267 -0.41201267 -0.41201267 0.12456051 0.12456051 0.12456051 0.12456051 0.12456051 0.12456051 0.12456051 0.12456051 
error: 0.3
E: 0.7072961
*******************************************************************************
h:0.255128
G:0.4806831507050298
cp:0.7350979415111253	cn:-0.11208310214824777
Z:0.9613663014100596
0.01410226 0.06134667 0.0042949608 0.0042949608 0.0042949608 0.0042949608 0.0042949608 0.0042949608 0.0042949608 0.0042949608 0.0042949608 0.0042949608 0.0042949608 0.031945094 0.027081672 0.031945094 0.031945094 0.027081672 0.027081672 0.031945094 0.031945094 0.027081672 0.027081672 0.031945094 0.027081672 0.031945094 0.031945094 0.027081672 0.027081672 0.027081672 0.0065461244 0.0065461244 0.0065461244 0.0065461244 0.0065461244 0.0065461244 0.0065461244 0.0065461244 0.0065461244 0.04967658 0.017415179 0.017415179 0.029048312 0.029048312 0.029782332 0.029048312 0.029782332 0.029048312 0.029048312 0.029782332 
F: 0.73510295 0.73510295 1.9239955 1.9239955 1.9239955 1.9239955 1.9239955 1.9239955 1.9239955 1.9239955 1.9239955 1.9239955 1.9239955 0.08258075 0.08258075 0.08258075 0.08258075 0.08258075 0.08258075 0.08258075 0.08258075 0.08258075 0.08258075 0.08258075 0.08258075 0.08258075 0.08258075 0.08258075 0.08258075 0.08258075 -1.5025647 -1.5025647 -1.5025647 -1.5025647 -1.5025647 -1.5025647 -1.5025647 -1.5025647 -1.5025647 -0.5240958 -0.5240958 -0.5240958 0.012477413 0.012477413 0.012477413 0.012477413 0.012477413 0.012477413 0.012477413 0.012477413 
error: 0.3
E: 0.6799706
*******************************************************************************
h:0.598558
G:0.49120038153016543
cp:0.20550011251996075	cn:-0.17384611006549217
Z:0.9824007630603309
0.017080493 0.052480973 0.005202007 0.005202007 0.005202007 0.005202007 0.005202007 0.005202007 0.005202007 0.005202007 0.005202007 0.005202007 0.005202007 0.027328456 0.03280101 0.027328456 0.027328456 0.03280101 0.03280101 0.027328456 0.027328456 0.03280101 0.03280101 0.027328456 0.03280101 0.027328456 0.027328456 0.022446014 0.022446014 0.022446014 0.008183576 0.008183576 0.008183576 0.008183576 0.008183576 0.008183576 0.008183576 0.008183576 0.008183576 0.041173276 0.021771424 0.021771424 0.024076018 0.024076018 0.037232105 0.024076018 0.037232105 0.024076018 0.024076018 0.037232105 
F: 0.5612568 0.5612568 1.7501494 1.7501494 1.7501494 1.7501494 1.7501494 1.7501494 1.7501494 1.7501494 1.7501494 1.7501494 1.7501494 -0.09126536 -0.09126536 -0.09126536 -0.09126536 -0.09126536 -0.09126536 -0.09126536 -0.09126536 -0.09126536 -0.09126536 -0.09126536 -0.09126536 -0.09126536 -0.09126536 0.28808087 0.28808087 0.28808087 -1.2970645 -1.2970645 -1.2970645 -1.2970645 -1.2970645 -1.2970645 -1.2970645 -1.2970645 -1.2970645 -0.31859565 -0.31859565 -0.31859565 0.21797752 0.21797752 0.21797752 0.21797752 0.21797752 0.21797752 0.21797752 0.21797752 
error: 0.26
E: 0.6680037
*******************************************************************************
h:0.751757
G:0.49520926762164075
cp:0.1109233814093931	cn:-0.174205901324431
Z:0.9904185352432815
0.015435057 0.059204746 0.004700876 0.004700876 0.004700876 0.004700876 0.004700876 0.004700876 0.004700876 0.004700876 0.004700876 0.004700876 0.004700876 0.030829731 0.02964115 0.030829731 0.030829731 0.02964115 0.02964115 0.030829731 0.030829731 0.02964115 0.02964115 0.030829731 0.02964115 0.030829731 0.030829731 0.020283693 0.020283693 0.020283693 0.0069417297 0.0069417297 0.0069417297 0.0069417297 0.0069417297 0.0069417297 0.0069417297 0.0069417297 0.0069417297 0.049482692 0.01846764 0.01846764 0.028934939 0.028934939 0.031582184 0.028934939 0.031582184 0.028934939 0.028934939 0.031582184 
F: 0.6721802 0.6721802 1.8610728 1.8610728 1.8610728 1.8610728 1.8610728 1.8610728 1.8610728 1.8610728 1.8610728 1.8610728 1.8610728 0.019658022 0.019658022 0.019658022 0.019658022 0.019658022 0.019658022 0.019658022 0.019658022 0.019658022 0.019658022 0.019658022 0.019658022 0.019658022 0.019658022 0.39900425 0.39900425 0.39900425 -1.4712704 -1.4712704 -1.4712704 -1.4712704 -1.4712704 -1.4712704 -1.4712704 -1.4712704 -1.4712704 -0.49280155 -0.49280155 -0.49280155 0.043771625 0.043771625 0.043771625 0.043771625 0.043771625 0.043771625 0.043771625 0.043771625 
error: 0.3
E: 0.6616032
*******************************************************************************
